function solarhours = solarhours(month,rainfall)

P = [
    8.75
    10.05
    11.9
    13.8
    15.5
    16.25
    15.8
    14.35
    12.5
    10.7
    9
    8.15
    ];
 solarhours = P(1);




end

